0 1
1 1
2 0
3 0
4 1
5 2
6 1
7 1
8 1
9 1
10 0
11 0
12 1
13 0
14 0
15 2
16 0
17 2
18 1
19 0
20 3
21 0
22 0
23 1
24 0
25 0
26 0
27 0
28 0
29 1
30 1
31 2
32 1
33 1
34 0
35 2
36 1
37 1
38 0
39 1
40 1
41 2
42 0
43 1
44 1
45 2
46 0
47 0
48 0
49 1
50 2
51 0
52 4
53 1
54 1
55 1
56 2
57 2
58 1
59 0
60 2
61 1
62 2
63 1
64 1
65 4
66 4
67 1
68 0
69 2
70 0
71 1
72 1
73 0
74 1
75 1
76 3
77 1
78 0
79 1
80 1
81 1
82 0
83 1
84 1
85 0
86 0
87 1
88 2
89 2
90 1
91 2
92 3
93 1
94 2
95 2
96 2
97 2
98 1
99 1
100 1
101 0
102 1
103 2
104 0
105 2
106 0
107 0
108 3
109 1
110 2
111 1
112 1
113 1
114 0
115 1
116 1
117 0
118 1
119 2
120 0
121 0
122 3
123 4
124 0
125 0
126 2
127 0
128 1
129 1
130 1
131 2
132 2
133 1
134 2
135 2
136 3
137 1
138 3
139 1
140 1
141 1
142 0
143 2
144 2
145 2
146 0
147 1
148 1
149 1
150 0
151 2
152 4
153 0
154 1
155 0
156 1
157 1
158 2
159 1
160 2
161 1
162 3
163 2
164 3
165 3
166 2
167 4
168 2
169 2
170 2
171 0
172 1
173 2
174 1
175 3
176 0
177 1
178 0
179 1
180 1
181 1
182 1
183 0
184 0
185 0
186 1
187 2
188 1
189 0
190 1
191 1
192 2
193 3
194 2
195 0
196 0
197 1
198 1
199 0
200 2
201 2
202 3
203 0
204 1
205 2
206 2
207 3
208 2
209 2
210 0
211 1
212 1
213 2
214 1
215 4
216 1
217 1
218 0
219 0
220 2
221 3
222 0
223 0
224 2
225 2
226 3
227 2
228 2
229 1
230 3
231 1
232 3
233 0
234 2
235 1
236 1
237 0
238 0
239 2
240 2
241 4
242 0
243 3
244 1
245 0
246 1
247 1
248 1
249 2
250 1
251 1
252 2
253 1
254 1
255 3
256 1
257 2
258 0
259 1
260 0
261 1
262 0
263 0
264 1
265 1
266 1
267 1
268 1
269 1
270 1
271 0
272 1
273 2
274 0
275 1
276 0
277 1
278 1
279 0
280 2
281 1
282 0
283 1
284 1
285 1
286 2
287 0
288 1
289 1
290 3
291 2
292 0
293 1
294 3
295 0
296 5
297 1
298 1
299 2
300 1
301 0
302 0
303 1
304 2
305 0
306 3
307 0
308 0
309 1
310 0
311 1
312 1
313 1
314 0
315 2
316 1
317 1
318 3
319 0
320 1
321 0
322 1
323 1
324 2
325 2
326 0
327 1
328 2
329 0
330 0
331 1
332 1
333 1
334 0
335 1
336 5
337 0
338 3
339 0
340 1
341 1
342 1
343 2
344 3
345 1
346 0
347 0
348 0
349 1
350 0
351 0
352 0
353 3
354 1
355 1
356 2
357 2
358 0
359 3
360 1
361 0
362 1
363 0
364 3
365 0
366 1
367 1
368 1
369 0
370 1
371 2
372 2
373 1
374 1
375 0
376 0
377 1
378 0
379 1
380 1
381 0
382 2
383 1
384 1
385 2
386 0
387 0
388 1
389 1
390 0
391 1
392 0
393 0
394 0
395 2
396 0
397 0
398 1
399 1
400 0
401 1
402 0
403 0
404 1
405 0
406 2
407 1
408 2
409 0
410 3
411 1
412 0
413 0
414 1
415 2
416 1
417 1
418 1
419 0
420 0
421 0
422 0
423 1
424 0
425 0
426 1
427 0
428 1
429 0
430 1
431 2
432 4
433 1
434 0
435 0
436 1
437 0
438 0
439 1
440 2
441 2
442 0
443 0
444 0
445 1
446 0
447 2
448 0
449 1
450 1
451 0
452 0
453 1
454 0
455 1
456 1
457 0
458 0
459 2
460 0
461 1
462 1
463 0
464 3
465 2
466 3
467 0
468 1
469 1
470 2
471 1
472 1
473 0
474 1
475 0
476 0
477 0
478 1
479 2
480 0
481 1
482 1
483 1
484 0
485 2
486 0
487 1
488 1
489 3
490 2
491 2
492 0
493 1
494 1
495 0
496 1
497 0
498 0
499 1
500 0
501 2
502 0
503 1
504 1
505 1
506 0
507 2
508 1
509 0
510 1
511 1
512 1
513 1
514 1
515 1
516 1
517 1
518 0
519 2
520 1
521 1
522 1
523 0
524 1
525 0
526 1
527 3
528 1
529 1
530 2
531 1
532 2
533 1
534 0
535 1
536 1
537 2
538 2
539 2
540 2
541 1
542 2
543 1
544 1
545 0
546 1
547 2
548 1
549 2
550 0
551 4
552 0
553 1
554 0
555 0
556 1
557 0
558 1
559 0
560 1
561 0
562 2
563 2
564 3
565 1
566 1
567 1
568 2
569 3
570 1
571 0
572 1
573 0
574 1
575 1
576 1
577 0
578 1
579 3
580 1
581 0
582 1
583 2
584 1
585 1
586 1
587 1
588 2
589 2
590 1
591 2
592 0
593 1
594 0
595 2
596 0
597 2
598 1
599 1
600 0
601 0
602 0
603 1
604 3
605 1
606 1
607 1
608 0
609 1
610 0
611 0
612 0
613 2
614 2
615 1
616 3
617 0
618 1
619 0
620 1
621 2
622 0
623 3
624 1
625 1
626 1
627 3
628 0
629 1
630 0
631 0
632 1
633 2
634 2
635 0
636 1
637 0
638 2
639 0
640 0
641 3
642 0
643 1
644 3
645 3
646 1
647 2
648 0
649 2
650 1
651 0
652 0
653 0
654 1
655 3
656 2
657 2
658 0
659 0
660 0
661 0
662 0
663 1
664 0
665 1
666 0
667 0
668 1
669 0
670 0
671 1
672 0
673 0
674 0
675 1
676 2
677 1
678 0
679 0
680 2
681 0
682 2
683 0
684 0
685 1
686 0
687 1
688 3
689 2
690 1
691 0
692 0
693 0
694 0
695 0
696 1
697 3
698 0
699 1
700 1
701 1
702 1
703 1
704 1
705 3
706 0
707 0
708 3
709 0
710 3
711 2
712 0
713 1
714 3
715 1
716 2
717 3
718 1
719 0
720 1
721 1
722 0
723 2
724 3
725 1
726 1
727 0
728 1
729 0
730 2
731 1
732 1
733 1
734 1
735 2
736 2
737 3
738 0
739 0
740 0
741 1
742 0
743 1
744 1
745 0
746 1
747 1
748 1
749 1
750 2
751 1
752 1
753 2
754 1
755 1
756 1
757 1
758 0
759 2
760 0
761 1
762 1
763 0
764 0
765 0
766 2
767 2
768 0
769 0
770 0
771 0
772 0
773 0
774 2
775 1
776 3
777 2
778 1
779 3
780 1
781 1
782 0
783 1
784 0
785 1
786 1
787 1
788 2
789 0
790 0
791 3
792 1
793 1
794 1
795 2
796 3
797 1
798 1
799 1
800 1
801 1
802 1
803 1
804 3
805 2
806 1
807 4
808 0
809 4
810 1
811 3
812 0
813 0
814 1
815 2
816 5
817 1
818 1
819 0
820 1
821 0
822 1
823 0
824 1
825 1
826 2
827 1
828 1
829 1
830 1
831 2
832 1
833 1
834 1
835 0
836 1
837 1
838 1
839 1
840 1
841 3
842 0
843 1
844 1
845 0
846 1
847 1
848 2
849 1
850 2
851 1
852 1
853 0
854 0
855 2
856 2
857 1
858 0
859 0
860 0
861 2
862 1
863 0
864 2
865 2
866 1
867 3
868 2
869 2
870 0
871 2
872 0
873 1
874 1
875 0
876 0
877 1
878 2
879 4
880 1
881 2
882 1
883 1
884 0
885 2
886 0
887 0
888 0
889 0
890 0
891 0
892 2
893 0
894 0
895 1
896 0
897 2
898 2
899 1
900 1
901 0
902 1
903 1
904 1
905 5
906 2
907 0
908 0
909 1
910 1
911 2
912 0
913 1
914 1
915 1
916 0
917 1
918 0
919 3
920 0
921 1
922 1
923 1
924 0
925 0
926 1
927 2
928 0
929 1
930 3
931 0
932 1
933 1
934 1
935 0
936 1
937 1
938 1
939 0
940 1
941 0
942 2
943 1
944 1
945 0
946 0
947 0
948 0
949 0
950 0
951 0
952 0
953 1
954 1
955 1
956 0
957 0
958 0
959 0
960 1
961 0
962 1
963 0
964 1
965 2
966 1
967 0
968 1
969 2
970 1
971 2
972 1
973 1
974 2
975 1
976 0
977 0
978 1
979 1
980 0
981 0
982 0
983 0
984 1
985 0
986 0
987 0
988 0
989 1
990 1
991 0
992 3
993 1
994 1
995 1
996 1
997 0
998 2
999 1
1000 1
1001 1
1002 0
1003 1
1004 1
1005 0
1006 1
1007 0
1008 1
1009 3
1010 1
1011 0
1012 2
1013 0
1014 1
1015 2
1016 1
1017 1
1018 2
1019 1
1020 2
1021 1
1022 2
1023 0
1024 0
1025 2
1026 2
1027 0
1028 1
1029 1
1030 1
1031 1
1032 0
1033 0
1034 1
1035 0
1036 0
1037 1
1038 2
1039 1
1040 1
1041 0
1042 0
1043 1
1044 1
1045 0
1046 2
1047 0
1048 2
1049 1
1050 0
1051 0
1052 0
1053 0
1054 0
1055 0
1056 0
1057 1
1058 0
1059 0
1060 1
1061 0
1062 1
1063 1
1064 1
1065 0
1066 0
1067 0
1068 1
1069 1
1070 0
1071 1
1072 2
1073 0
1074 1
1075 1
1076 1
1077 0
1078 0
1079 1
1080 0
1081 0
1082 0
1083 0
1084 2
1085 0
1086 0
1087 1
1088 0
1089 2
1090 0
1091 0
1092 1
1093 0
1094 1
1095 0
1096 1
1097 0
1098 1
1099 1
1100 0
1101 0
1102 0
1103 0
1104 1
1105 0
1106 1
1107 2
1108 1
1109 0
1110 0
1111 0
1112 0
1113 0
1114 0
1115 0
1116 1
1117 0
1118 0
1119 0
1120 0
1121 0
1122 0
1123 1
1124 0
1125 1
1126 0
1127 3
1128 0
1129 1
1130 1
1131 0
1132 1
1133 0
1134 2
1135 1
1136 1
1137 0
1138 1
1139 3
1140 2
1141 0
1142 0
1143 2
1144 1
1145 1
1146 3
1147 1
1148 0
1149 2
1150 1
1151 1
1152 1
1153 1
1154 0
1155 1
1156 1
1157 0
1158 1
1159 1
1160 1
1161 1
1162 1
1163 2
1164 1
1165 1
1166 1
1167 2
1168 0
1169 2
1170 0
1171 0
1172 0
1173 1
1174 0
1175 2
1176 3
1177 0
1178 1
1179 0
1180 1
1181 2
1182 1
1183 0
1184 2
1185 0
1186 1
1187 0
1188 2
1189 3
1190 2
1191 1
1192 1
1193 1
1194 0
1195 0
1196 0
1197 0
1198 4
1199 0
1200 3
1201 1
1202 1
1203 1
1204 2
1205 2
1206 0
1207 1
1208 2
1209 4
1210 0
1211 1
1212 1
1213 0
1214 2
1215 2
1216 1
1217 3
1218 1
1219 3
1220 2
1221 3
1222 2
1223 3
1224 1
1225 1
1226 3
1227 0
1228 4
1229 2
1230 1
1231 2
1232 2
1233 1
1234 3
1235 3
1236 4
1237 2
1238 1
1239 1
1240 3
1241 2
1242 3
1243 0
1244 1
1245 2
1246 1
1247 3
1248 1
1249 2
1250 5
1251 2
1252 4
1253 1
1254 4
1255 1
1256 1
1257 1
1258 4
1259 2
1260 2
1261 1
1262 1
1263 1
1264 2
1265 1
1266 1
1267 5
1268 2
1269 2
1270 3
1271 1
1272 2
1273 2
1274 0
1275 2
1276 0
1277 0
1278 1
1279 2
1280 2
1281 1
1282 1
1283 1
1284 1
1285 1
1286 1
1287 2
1288 2
1289 0
1290 0
1291 0
1292 1
1293 3
1294 0
1295 1
1296 1
1297 0
1298 1
1299 0
1300 2
1301 2
1302 0
1303 2
1304 3
1305 1
1306 1
1307 1
1308 2
1309 0
1310 1
1311 1
1312 2
1313 0
1314 2
1315 3
1316 1
1317 0
1318 0
1319 3
1320 1
1321 1
1322 2
1323 1
1324 2
1325 0
1326 1
1327 2
1328 1
1329 2
1330 0
1331 2
1332 2
1333 3
1334 1
1335 5
1336 1
1337 2
1338 1
1339 0
1340 0
1341 3
1342 1
1343 0
1344 3
1345 1
1346 3
1347 2
1348 3
1349 1
1350 1
1351 1
1352 0
1353 1
1354 7
1355 2
1356 0
1357 1
1358 2
1359 1
1360 1
1361 3
1362 3
1363 0
1364 2
1365 0
1366 2
1367 2
1368 1
1369 2
1370 2
1371 0
1372 1
1373 0
1374 3
1375 1
1376 2
1377 2
1378 1
1379 1
1380 1
1381 1
1382 1
1383 2
1384 2
1385 0
1386 1
1387 4
1388 2
1389 1
1390 0
1391 4
1392 3
1393 0
1394 1
1395 3
1396 3
1397 0
1398 3
1399 1
1400 0
1401 2
1402 0
1403 0
1404 2
1405 1
1406 3
1407 3
1408 1
1409 1
1410 0
1411 0
1412 2
1413 2
1414 1
1415 1
1416 1
1417 2
1418 1
1419 1
1420 0
1421 1
1422 2
1423 2
1424 1
1425 2
1426 0
1427 2
1428 2
1429 0
1430 1
1431 1
1432 1
1433 1
1434 3
1435 1
1436 4
1437 1
1438 2
1439 2
1440 0
1441 0
1442 2
1443 0
1444 0
1445 0
1446 2
1447 4
1448 1
1449 1
1450 1
1451 2
1452 2
1453 1
1454 3
1455 2
1456 1
1457 3
1458 3
1459 1
1460 1
1461 3
1462 2
1463 1
1464 3
1465 1
1466 2
1467 0
1468 1
1469 0
1470 3
1471 0
1472 1
1473 3
1474 2
1475 2
1476 2
1477 3
1478 0
1479 3
1480 2
1481 4
1482 3
1483 2
1484 0
1485 2
1486 3
1487 2
1488 0
1489 3
1490 3
1491 3
1492 2
1493 2
1494 1
1495 1
1496 2
1497 0
1498 2
1499 4
1500 2
1501 2
1502 0
1503 1
1504 3
1505 2
1506 2
1507 1
1508 1
1509 1
1510 2
1511 2
1512 2
1513 2
1514 0
1515 1
1516 4
1517 2
1518 3
1519 1
1520 1
1521 1
1522 1
1523 2
1524 2
1525 1
1526 2
1527 3
1528 2
1529 3
1530 0
1531 2
1532 2
1533 3
1534 0
1535 1
1536 2
1537 2
1538 1
1539 2
1540 2
1541 1
1542 3
1543 0
1544 1
1545 1
1546 2
1547 2
1548 3
1549 1
1550 0
1551 2
1552 4
1553 1
1554 1
1555 1
1556 0
1557 0
1558 2
1559 1
1560 3
1561 4
1562 3
1563 1
1564 2
1565 3
1566 2
1567 2
1568 1
1569 1
1570 2
1571 3
1572 2
1573 0
1574 1
1575 0
1576 1
1577 0
1578 3
1579 0
1580 1
1581 0
1582 0
1583 1
1584 1
1585 0
1586 2
1587 2
1588 0
1589 1
1590 2
1591 0
1592 0
1593 2
1594 2
1595 1
1596 2
1597 1
1598 2
1599 0
1600 2
1601 1
1602 0
1603 0
1604 1
1605 0
1606 0
1607 0
1608 2
1609 2
1610 1
1611 2
1612 0
1613 0
1614 0
1615 2
1616 2
1617 2
1618 0
1619 0
1620 1
1621 2
1622 2
1623 1
1624 1
1625 3
1626 2
1627 1
1628 2
1629 1
1630 1
1631 3
1632 1
1633 1
1634 0
1635 1
1636 4
1637 1
1638 0
1639 1
1640 2
1641 1
1642 3
1643 1
1644 1
1645 1
1646 3
1647 0
1648 1
1649 2
1650 1
1651 1
1652 2
1653 3
1654 3
1655 4
1656 1
1657 1
1658 1
1659 1
1660 0
1661 2
1662 2
1663 1
1664 3
1665 1
1666 2
1667 0
1668 1
1669 2
1670 1
1671 0
1672 3
1673 1
1674 1
1675 0
1676 3
1677 1
1678 1
1679 0
1680 2
1681 2
1682 0
1683 1
1684 0
1685 0
1686 1
1687 1
1688 0
1689 2
1690 1
1691 2
1692 4
1693 4
1694 2
1695 1
1696 2
1697 2
1698 4
1699 1
1700 3
1701 1
1702 3
1703 2
1704 5
1705 3
1706 2
1707 2
1708 4
1709 2
1710 2
1711 3
1712 1
1713 1
1714 4
1715 3
1716 1
1717 1
1718 2
1719 2
1720 0
1721 0
1722 0
1723 2
1724 5
1725 1
1726 1
1727 0
1728 4
1729 0
1730 0
1731 1
1732 2
1733 2
1734 1
1735 3
1736 2
1737 4
1738 0
1739 1
1740 2
1741 0
1742 2
1743 2
1744 1
1745 3
1746 4
1747 4
1748 3
1749 3
1750 2
1751 1
1752 0
1753 3
1754 3
1755 4
1756 2
1757 3
1758 4
1759 3
1760 1
1761 2
1762 0
1763 1
1764 4
1765 2
1766 3
1767 2
1768 0
1769 1
1770 3
1771 1
1772 5
1773 1
1774 1
1775 1
1776 2
1777 1
1778 1
1779 0
1780 2
1781 1
1782 3
1783 4
1784 2
1785 3
1786 3
1787 0
1788 2
1789 1
1790 3
1791 2
1792 1
1793 2
1794 1
1795 3
1796 1
1797 2
1798 2
1799 1
1800 0
1801 0
1802 4
1803 3
1804 1
1805 0
1806 2
1807 1
1808 3
1809 1
1810 2
1811 0
1812 2
1813 1
1814 4
1815 0
1816 2
1817 0
1818 2
1819 2
1820 0
1821 1
1822 1
1823 0
1824 1
1825 2
1826 2
1827 2
1828 2
1829 1
1830 2
1831 3
1832 0
1833 0
1834 3
1835 3
1836 3
1837 1
1838 2
1839 3
1840 2
1841 3
1842 3
1843 2
1844 2
1845 1
1846 2
1847 2
1848 3
1849 1
1850 1
1851 1
1852 1
1853 4
1854 1
1855 0
1856 0
1857 2
1858 2
1859 1
1860 0
1861 0
1862 1
1863 1
1864 2
1865 3
1866 1
1867 1
1868 2
1869 2
1870 2
1871 3
1872 1
1873 1
1874 0
1875 2
1876 1
1877 0
1878 2
1879 2
1880 2
1881 2
1882 0
1883 1
1884 3
1885 3
1886 3
1887 1
1888 3
1889 3
1890 1
1891 5
1892 1
1893 3
1894 4
1895 2
1896 4
1897 1
1898 0
1899 3
1900 2
1901 0
1902 2
1903 1
1904 2
1905 3
1906 3
1907 0
1908 1
1909 4
1910 4
1911 2
1912 3
1913 1
1914 1
1915 5
1916 1
1917 0
1918 5
1919 1
1920 1
1921 3
1922 4
1923 2
1924 3
1925 5
1926 1
1927 0
1928 0
1929 1
1930 2
1931 0
1932 1
1933 1
1934 2
1935 1
1936 3
1937 2
1938 3
1939 1
1940 0
1941 2
1942 1
1943 2
1944 1
1945 1
1946 1
1947 2
1948 2
1949 1
1950 3
1951 2
1952 5
1953 3
1954 0
1955 1
1956 1
1957 0
1958 1
1959 2
1960 2
1961 2
1962 2
1963 1
1964 4
1965 2
1966 0
1967 2
1968 2
1969 3
1970 1
1971 1
1972 1
1973 3
1974 2
1975 3
1976 3
1977 2
1978 1
1979 2
1980 3
1981 3
1982 0
1983 0
1984 1
1985 4
1986 1
1987 2
1988 1
1989 1
1990 0
1991 3
1992 3
1993 2
1994 2
1995 2
1996 1
1997 3
1998 1
1999 1
2000 1
2001 2
2002 1
2003 4
2004 2
2005 3
2006 2
2007 2
2008 2
2009 2
2010 0
2011 0
2012 3
2013 1
2014 1
2015 1
2016 3
2017 4
2018 3
2019 2
2020 2
2021 4
2022 2
2023 2
2024 0
2025 3
2026 2
2027 4
2028 4
2029 2
2030 0
2031 1
2032 1
2033 2
2034 2
2035 0
2036 3
2037 1
2038 3
2039 0
2040 1
2041 2
2042 6
2043 2
2044 0
2045 0
2046 6
2047 3
2048 4
2049 4
2050 1
2051 3
2052 1
2053 2
2054 2
2055 0
2056 3
2057 3
2058 1
2059 1
2060 3
2061 2
2062 3
2063 1
2064 3
2065 1
2066 5
2067 3
2068 3
2069 2
2070 1
2071 1
2072 3
2073 4
2074 3
2075 0
2076 3
2077 3
2078 2
2079 0
2080 1
2081 1
2082 2
2083 1
2084 2
2085 2
2086 2
2087 3
2088 4
2089 4
2090 3
2091 3
2092 2
2093 3
2094 3
2095 4
2096 2
2097 1
2098 2
2099 2
2100 2
2101 2
2102 1
2103 1
2104 1
2105 4
2106 3
2107 3
2108 2
2109 6
2110 2
2111 2
2112 1
2113 2
2114 3
2115 3
2116 3
2117 5
2118 3
2119 5
2120 2
2121 2
2122 3
2123 1
2124 2
2125 1
2126 2
2127 0
2128 1
2129 1
2130 1
2131 2
2132 2
2133 1
2134 0
2135 2
2136 2
2137 0
2138 1
2139 1
2140 2
2141 2
2142 3
2143 2
2144 3
2145 1
2146 4
2147 2
2148 1
2149 2
2150 0
2151 3
2152 2
2153 1
2154 2
2155 4
2156 1
2157 3
2158 1
2159 4
2160 0
2161 3
2162 2
2163 1
2164 2
2165 6
2166 3
2167 1
2168 1
2169 3
2170 2
2171 2
2172 0
2173 2
2174 1
2175 2
2176 1
2177 2
2178 3
2179 3
2180 2
2181 3
2182 1
2183 1
2184 1
2185 4
2186 1
2187 1
2188 3
2189 2
2190 0
2191 2
2192 3
2193 0
2194 2
2195 3
2196 1
2197 3
2198 2
2199 1
2200 1
2201 1
2202 3
2203 3
2204 3
2205 2
2206 0
2207 2
2208 0
2209 1
2210 1
2211 3
2212 1
2213 2
2214 1
2215 0
2216 2
2217 6
2218 4
2219 1
2220 3
2221 3
2222 0
2223 1
2224 1
2225 2
2226 0
2227 2
2228 1
2229 3
2230 3
2231 3
2232 1
2233 4
2234 2
2235 0
2236 2
2237 1
2238 2
2239 1
2240 4
2241 4
2242 1
2243 2
2244 3
2245 1
2246 0
2247 2
2248 2
2249 2
2250 3
2251 2
2252 2
2253 3
2254 2
2255 5
2256 4
2257 4
2258 3
2259 3
2260 2
2261 0
2262 4
2263 0
2264 4
2265 1
2266 3
2267 2
2268 0
2269 2
2270 2
2271 1
2272 0
2273 3
2274 1
2275 3
2276 3
2277 3
2278 2
2279 2
2280 1
2281 2
2282 0
2283 1
2284 3
2285 0
2286 2
2287 1
2288 2
2289 1
2290 2
2291 2
2292 1
2293 1
2294 2
2295 3
2296 3
2297 4
2298 1
2299 3
2300 2
2301 1
2302 2
2303 0
2304 1
2305 2
2306 0
2307 2
2308 3
2309 2
2310 2
2311 1
2312 3
2313 0
2314 2
2315 2
2316 0
2317 4
2318 2
2319 3
2320 1
2321 1
2322 1
2323 4
2324 3
2325 3
2326 1
2327 3
2328 2
2329 2
2330 1
2331 1
2332 2
2333 2
2334 2
2335 2
2336 1
2337 6
2338 2
2339 1
2340 2
2341 1
2342 2
2343 3
2344 3
2345 3
2346 2
2347 4
2348 2
2349 2
2350 1
2351 0
2352 5
2353 2
2354 2
2355 2
2356 3
2357 2
2358 1
2359 1
2360 2
2361 2
2362 6
2363 2
2364 0
2365 3
2366 1
2367 2
2368 2
2369 3
2370 2
2371 1
2372 2
2373 0
2374 2
2375 1
2376 1
2377 2
2378 0
2379 0
2380 2
2381 0
2382 0
2383 1
2384 1
2385 1
2386 0
2387 0
2388 0
2389 3
2390 0
2391 1
2392 0
2393 1
2394 2
2395 2
2396 2
2397 3
2398 2
2399 2
2400 1
2401 1
2402 0
2403 1
2404 3
2405 2
2406 0
2407 1
2408 2
2409 1
2410 3
2411 0
2412 3
2413 1
2414 4
2415 2
2416 3
2417 1
2418 2
2419 2
2420 0
2421 0
2422 1
2423 1
2424 2
2425 2
2426 2
2427 2
2428 2
2429 0
2430 1
2431 3
2432 4
2433 3
2434 0
2435 2
2436 3
2437 3
2438 2
2439 2
2440 2
2441 1
2442 2
2443 1
2444 4
2445 0
2446 2
2447 4
2448 4
2449 1
2450 0
2451 3
2452 1
2453 3
2454 2
2455 0
2456 4
2457 2
2458 0
2459 1
2460 0
2461 4
2462 2
2463 3
2464 1
2465 1
2466 2
2467 1
2468 1
2469 2
2470 3
2471 3
2472 3
2473 3
2474 3
2475 1
2476 1
2477 1
2478 1
2479 2
2480 2
2481 2
2482 1
2483 2
2484 2
2485 2
2486 1
2487 2
2488 1
2489 1
2490 2
2491 1
2492 1
2493 2
2494 2
2495 1
2496 1
2497 2
2498 2
2499 3
2500 2
2501 2
2502 2
2503 4
2504 2
2505 0
2506 1
2507 2
2508 1
2509 3
2510 0
2511 3
2512 2
2513 4
2514 3
2515 2
2516 1
2517 3
2518 0
2519 1
2520 2
2521 1
2522 1
2523 2
2524 1
2525 2
2526 0
2527 0
2528 3
2529 3
2530 1
2531 1
2532 1
2533 4
2534 3
2535 4
2536 0
2537 1
2538 1
2539 5
2540 2
2541 0
2542 3
2543 1
2544 2
2545 0
2546 2
2547 1
2548 2
2549 4
2550 1
2551 0
2552 2
2553 1
2554 3
2555 1
2556 2
2557 5
2558 3
2559 2
2560 4
2561 2
2562 2
2563 1
2564 3
2565 0
2566 0
2567 2
2568 1
2569 1
2570 1
2571 1
2572 2
2573 0
2574 2
2575 2
2576 1
2577 1
2578 2
2579 1
2580 3
2581 3
2582 1
2583 4
2584 1
2585 0
2586 1
2587 2
2588 0
2589 2
2590 2
2591 1
2592 1
2593 1
2594 0
2595 2
2596 3
2597 2
2598 2
2599 4
2600 3
2601 3
2602 1
2603 0
2604 0
2605 1
2606 2
2607 1
2608 1
2609 2
2610 0
2611 4
2612 3
2613 1
2614 3
2615 0
2616 4
2617 1
2618 1
2619 1
2620 0
2621 2
2622 3
2623 2
2624 2
2625 3
2626 1
2627 2
2628 1
2629 3
2630 2
2631 2
2632 2
2633 4
2634 0
2635 1
2636 2
2637 1
2638 1
2639 1
2640 2
2641 4
2642 2
2643 1
2644 1
2645 2
2646 2
2647 1
2648 1
2649 2
2650 1
2651 3
2652 2
2653 2
2654 3
2655 3
2656 1
2657 2
2658 1
2659 4
2660 2
2661 3
2662 2
2663 4
2664 1
2665 0
2666 1
2667 1
2668 1
2669 2
2670 1
2671 1
2672 2
2673 1
2674 4
2675 1
2676 3
2677 3
2678 1
2679 4
2680 1
2681 2
2682 3
2683 1
2684 2
2685 5
2686 2
2687 1
2688 4
2689 2
2690 4
2691 1
2692 2
2693 0
2694 4
2695 2
2696 2
2697 1
2698 2
2699 0
2700 4
2701 1
2702 3
2703 1
2704 2
2705 1
2706 1
2707 2
2708 2
2709 1
2710 2
2711 2
2712 1
2713 1
2714 3
2715 2
2716 2
2717 0
2718 1
2719 4
2720 1
2721 1
2722 4
2723 1
2724 2
2725 2
2726 1
2727 2
2728 1
2729 3
2730 1
2731 2
2732 0
2733 1
2734 3
2735 1
2736 1
2737 5
2738 1
2739 2
2740 2
2741 2
2742 1
2743 2
2744 1
2745 4
2746 3
2747 2
2748 3
2749 2
2750 3
2751 2
2752 1
2753 3
2754 1
2755 2
2756 2
2757 1
2758 0
2759 2
2760 3
2761 0
2762 1
2763 2
2764 1
2765 2
2766 1
2767 1
2768 2
2769 0
2770 4
2771 3
2772 3
2773 4
2774 2
2775 2
2776 2
2777 3
2778 4
2779 4
2780 2
2781 1
2782 3
2783 4
2784 1
2785 4
2786 1
2787 3
2788 1
2789 2
2790 1
2791 1
2792 2
2793 2
2794 1
2795 1
2796 4
2797 4
2798 0
2799 2
2800 2
2801 2
2802 4
2803 2
2804 2
2805 3
2806 3
2807 2
2808 4
2809 2
2810 0
2811 3
2812 2
2813 3
2814 5
2815 5
2816 4
2817 4
2818 3
2819 1
2820 1
2821 2
2822 2
2823 3
2824 1
2825 2
2826 3
2827 2
2828 3
2829 7
2830 3
2831 0
2832 3
2833 1
2834 1
2835 3
2836 3
2837 2
2838 3
2839 2
2840 0
2841 3
2842 3
2843 2
2844 3
2845 3
2846 3
2847 1
2848 1
2849 2
2850 3
2851 2
2852 2
2853 2
2854 3
2855 3
2856 1
2857 2
2858 3
2859 0
2860 1
2861 4
2862 2
2863 3
2864 4
2865 1
2866 0
2867 5
2868 0
2869 1
2870 1
2871 2
2872 1
2873 1
2874 5
2875 3
2876 0
2877 1
2878 2
2879 1
2880 2
2881 0
2882 0
2883 1
2884 2
2885 3
2886 2
2887 2
2888 3
2889 4
2890 5
2891 1
2892 2
2893 3
2894 2
2895 2
2896 2
2897 3
2898 2
2899 1
2900 1
2901 4
2902 0
2903 3
2904 3
2905 2
2906 5
2907 0
2908 0
2909 2
2910 2
2911 1
2912 6
2913 0
2914 0
2915 2
2916 2
2917 2
2918 2
2919 5
2920 1
2921 2
2922 2
2923 1
2924 4
2925 1
2926 1
2927 2
2928 0
2929 2
2930 2
2931 3
2932 4
2933 2
2934 4
2935 1
2936 4
2937 1
2938 4
2939 2
2940 5
2941 1
2942 4
2943 2
2944 3
2945 3
2946 2
2947 2
2948 3
2949 2
2950 1
2951 2
2952 0
2953 1
2954 3
2955 1
2956 2
2957 3
2958 4
2959 2
2960 1
2961 2
2962 3
2963 2
2964 2
2965 2
2966 2
2967 2
2968 3
2969 5
2970 1
2971 2
2972 1
2973 2
2974 3
2975 2
2976 4
2977 3
2978 1
2979 0
2980 1
2981 1
2982 2
2983 1
2984 3
2985 2
2986 2
2987 1
2988 2
2989 2
2990 2
2991 3
2992 1
2993 2
2994 2
2995 1
2996 1
2997 2
2998 2
2999 0
3000 1
3001 2
3002 2
3003 3
3004 1
3005 4
3006 3
3007 0
3008 2
3009 3
3010 5
3011 4
3012 3
3013 2
3014 3
3015 0
3016 2
3017 2
3018 1
3019 2
3020 3
3021 1
3022 1
3023 3
3024 1
3025 2
3026 2
3027 3
3028 2
3029 1
3030 3
3031 1
3032 4
3033 2
3034 1
3035 2
3036 1
3037 0
3038 1
3039 2
3040 1
3041 1
3042 1
3043 2
3044 0
3045 1
3046 2
3047 0
3048 1
3049 1
3050 1
3051 2
3052 2
3053 2
3054 1
3055 0
3056 1
3057 3
3058 2
3059 2
3060 4
3061 4
3062 1
3063 2
3064 2
3065 0
3066 2
3067 2
3068 2
3069 1
3070 1
3071 3
3072 1
3073 1
3074 3
3075 0
3076 2
3077 2
3078 3
3079 3
3080 2
3081 3
3082 1
3083 2
3084 2
3085 0
3086 1
3087 2
3088 3
3089 3
3090 3
3091 1
3092 2
3093 2
3094 3
3095 2
3096 3
3097 2
3098 2
3099 2
3100 3
3101 2
3102 2
3103 1
3104 3
3105 1
3106 2
3107 1
3108 0
3109 2
3110 2
3111 3
3112 1
3113 0
3114 2
3115 4
3116 0
3117 2
3118 2
3119 1
3120 1
3121 2
3122 1
3123 1
3124 3
3125 2
3126 2
3127 2
3128 4
3129 1
3130 0
3131 3
3132 0
3133 3
3134 0
3135 2
3136 3
3137 4
3138 2
3139 2
3140 0
3141 3
3142 2
3143 2
3144 3
3145 2
3146 3
3147 0
3148 1
3149 2
3150 3
3151 3
3152 1
3153 0
3154 1
3155 1
3156 0
3157 2
3158 2
3159 1
3160 1
3161 0
3162 2
3163 3
3164 4
3165 2
3166 2
3167 3
3168 1
3169 2
3170 0
3171 3
3172 1
3173 3
3174 0
3175 3
3176 2
3177 3
3178 1
3179 3
3180 3
3181 2
3182 3
3183 2
3184 2
3185 0
3186 4
3187 3
3188 3
3189 4
3190 3
3191 1
3192 1
3193 5
3194 1
3195 1
3196 4
3197 1
3198 2
3199 2
3200 1
3201 1
3202 1
3203 1
3204 1
3205 0
3206 2
3207 3
3208 4
3209 1
3210 1
3211 3
3212 4
3213 0
3214 5
3215 3
3216 1
3217 3
3218 1
3219 2
3220 2
3221 3
3222 4
3223 0
3224 0
3225 1
3226 2
3227 3
3228 1
3229 3
3230 4
3231 3
3232 3
3233 1
3234 1
3235 3
3236 3
3237 2
3238 2
3239 4
3240 2
3241 3
3242 1
3243 3
3244 1
3245 3
3246 3
3247 2
3248 1
3249 3
3250 0
3251 2
3252 0
3253 4
3254 2
3255 0
3256 3
3257 3
3258 1
3259 2
3260 0
3261 1
3262 0
3263 1
3264 5
3265 1
3266 2
3267 4
3268 1
3269 3
3270 3
3271 0
3272 1
3273 2
3274 1
3275 2
3276 2
3277 2
3278 1
3279 2
3280 3
3281 3
3282 2
3283 1
3284 3
3285 3
3286 3
3287 2
3288 3
3289 2
3290 1
3291 2
3292 2
3293 5
3294 1
3295 3
3296 1
3297 2
3298 1
3299 1
3300 2
3301 1
3302 3
3303 3
3304 2
3305 2
3306 2
3307 5
3308 2
3309 1
3310 3
3311 3
3312 1
3313 1
3314 1
3315 2
3316 3
3317 2
3318 2
3319 2
3320 1
3321 3
3322 2
3323 2
3324 3
3325 3
3326 0
3327 3
3328 2
3329 2
3330 2
3331 1
3332 2
3333 2
3334 4
3335 3
3336 2
3337 1
3338 1
3339 3
3340 2
3341 0
3342 2
3343 3
3344 3
3345 2
3346 2
3347 1
3348 3
3349 1
3350 4
3351 2
3352 3
3353 3
3354 4
3355 2
3356 4
3357 1
3358 4
3359 3
3360 1
3361 1
3362 1
3363 3
3364 0
3365 0
3366 2
3367 1
3368 2
3369 3
3370 3
3371 0
3372 1
3373 3
3374 1
3375 2
3376 3
3377 5
3378 3
3379 1
3380 0
3381 2
3382 1
3383 2
3384 1
3385 1
3386 1
3387 5
3388 1
3389 4
3390 3
3391 3
3392 1
3393 1
3394 2
3395 0
3396 0
3397 1
3398 0
3399 2
3400 3
3401 5
3402 2
3403 1
3404 1
3405 2
3406 3
3407 1
3408 1
3409 3
3410 1
3411 0
3412 1
3413 3
3414 2
3415 2
3416 1
3417 1
3418 2
3419 2
3420 4
3421 3
3422 3
3423 1
3424 2
3425 2
3426 3
3427 2
3428 3
3429 2
3430 3
3431 1
3432 3
3433 1
3434 3
3435 1
3436 2
3437 2
3438 1
3439 0
3440 2
3441 1
3442 0
3443 2
3444 1
3445 2
3446 2
3447 2
3448 2
3449 2
3450 4
3451 2
3452 0
3453 2
3454 3
3455 2
3456 2
3457 1
3458 0
3459 1
3460 3
3461 3
3462 2
3463 1
3464 1
3465 1
3466 1
3467 2
3468 3
3469 1
3470 3
3471 2
3472 1
3473 0
3474 1
3475 1
3476 1
3477 3
3478 2
3479 0
3480 1
3481 2
3482 3
3483 3
3484 3
3485 5
3486 2
3487 3
3488 1
3489 2
3490 1
3491 3
3492 1
3493 1
3494 2
3495 1
3496 2
3497 1
3498 1
3499 2
3500 2
3501 3
3502 1
3503 2
3504 4
3505 3
3506 1
3507 4
3508 0
3509 0
3510 2
3511 2
3512 1
3513 0
3514 2
3515 0
3516 2
3517 2
3518 3
3519 5
3520 2
3521 1
3522 3
3523 3
3524 2
3525 3
3526 4
3527 2
3528 3
3529 0
3530 5
3531 0
3532 5
3533 0
3534 3
3535 1
3536 2
3537 2
3538 5
3539 2
3540 2
3541 3
3542 2
3543 2
3544 2
3545 3
3546 3
3547 1
3548 3
3549 1
3550 1
3551 3
3552 1
3553 1
3554 2
3555 3
3556 3
3557 0
3558 1
3559 1
3560 2
3561 3
3562 1
3563 0
3564 2
3565 2
3566 1
3567 1
3568 3
3569 3
3570 0
3571 2
3572 5
3573 2
3574 2
3575 0
3576 2
3577 2
3578 4
3579 1
3580 2
3581 0
3582 2
3583 3
3584 0
3585 0
3586 1
3587 3
3588 2
3589 2
3590 1
3591 2
3592 1
3593 0
3594 1
3595 3
3596 1
3597 2
3598 4
3599 0
3600 1
3601 1
3602 2
3603 4
3604 3
3605 2
3606 2
3607 4
3608 2
3609 5
3610 3
3611 2
3612 1
3613 3
3614 2
3615 3
3616 2
3617 1
3618 1
3619 2
3620 5
3621 3
3622 4
3623 3
3624 1
3625 3
3626 2
3627 2
3628 1
3629 2
3630 3
3631 3
3632 1
3633 1
3634 3
3635 1
3636 3
3637 1
3638 1
3639 2
3640 0
3641 1
3642 2
3643 4
3644 2
3645 2
3646 0
3647 3
3648 1
3649 1
3650 1
3651 2
3652 1
3653 2
3654 3
3655 3
3656 3
3657 4
3658 2
3659 4
3660 2
3661 2
3662 3
3663 0
3664 2
3665 2
3666 2
3667 2
3668 1
3669 3
3670 2
3671 2
3672 1
3673 1
3674 2
3675 2
3676 1
3677 3
3678 3
3679 5
3680 0
3681 0
3682 2
3683 0
3684 1
3685 3
3686 0
3687 1
3688 3
3689 3
3690 1
3691 1
3692 0
3693 0
3694 2
3695 3
3696 1
3697 1
3698 1
3699 2
3700 4
3701 3
3702 2
3703 3
3704 2
3705 2
3706 3
3707 0
3708 0
3709 1
3710 3
3711 2
3712 0
3713 1
3714 1
3715 2
3716 2
3717 2
3718 2
3719 1
3720 3
3721 4
3722 6
3723 2
3724 2
3725 2
3726 0
3727 2
3728 1
3729 3
3730 0
3731 3
3732 2
3733 1
3734 1
3735 1
3736 0
3737 1
3738 2
3739 1
3740 1
3741 1
3742 2
3743 3
3744 2
3745 3
3746 1
3747 2
3748 1
3749 0
3750 0
3751 0
3752 3
3753 3
3754 2
3755 1
3756 2
3757 3
3758 1
3759 0
3760 2
3761 1
3762 1
3763 2
3764 2
3765 2
3766 2
3767 2
3768 3
3769 0
3770 2
3771 3
3772 2
3773 1
3774 2
3775 3
3776 0
3777 1
3778 2
3779 2
3780 2
3781 1
3782 7
3783 1
3784 1
3785 2
3786 0
3787 2
3788 1
3789 2
3790 2
3791 1
3792 4
3793 0
3794 5
3795 1
3796 0
3797 2
3798 2
3799 0
3800 1
3801 2
3802 2
3803 0
3804 0
3805 3
3806 0
3807 1
3808 1
3809 3
3810 1
3811 1
3812 2
3813 0
3814 0
3815 2
3816 2
3817 1
3818 1
3819 3
3820 1
3821 2
3822 0
3823 3
3824 2
3825 0
3826 1
3827 3
3828 0
3829 1
3830 1
3831 3
3832 3
3833 1
3834 3
3835 0
3836 3
3837 4
3838 1
3839 1
3840 2
3841 4
3842 4
3843 3
3844 3
3845 2
3846 4
3847 3
3848 3
3849 2
3850 2
3851 3
3852 1
3853 1
3854 2
3855 1
3856 3
3857 2
3858 2
3859 4
3860 2
3861 2
3862 2
3863 4
3864 1
3865 2
3866 0
3867 2
3868 2
3869 4
3870 1
3871 2
3872 1
3873 2
3874 1
3875 4
3876 2
3877 2
3878 2
3879 1
3880 1
3881 1
3882 2
3883 1
3884 0
3885 1
3886 1
3887 1
3888 1
3889 0
3890 3
3891 3
3892 2
3893 0
3894 1
3895 1
3896 3
3897 2
3898 4
3899 2
3900 1
3901 3
3902 2
3903 3
3904 1
3905 2
3906 2
3907 4
3908 1
3909 0
3910 0
3911 2
3912 6
3913 1
3914 2
3915 1
3916 2
3917 5
3918 4
3919 2
3920 4
3921 2
3922 1
3923 2
3924 2
3925 3
3926 3
3927 2
3928 4
3929 3
3930 4
3931 4
3932 3
3933 0
3934 2
3935 3
3936 3
3937 0
3938 2
3939 0
3940 1
3941 2
3942 2
3943 4
3944 1
3945 2
3946 2
3947 5
3948 2
3949 2
3950 3
3951 3
3952 2
3953 5
3954 4
3955 2
3956 2
3957 5
3958 2
3959 1
3960 0
3961 2
3962 1
3963 1
3964 2
3965 2
3966 1
3967 0
3968 1
3969 2
3970 1
3971 0
3972 6
3973 4
3974 3
3975 1
3976 2
3977 3
3978 3
3979 0
3980 3
3981 3
3982 4
3983 6
3984 0
3985 4
3986 3
3987 3
3988 1
3989 3
3990 4
3991 3
3992 2
3993 3
3994 1
3995 1
3996 5
3997 0
3998 1
3999 1
4000 0
4001 5
4002 2
4003 1
4004 3
4005 1
4006 3
4007 3
4008 2
4009 4
4010 2
4011 2
4012 2
4013 0
4014 2
4015 4
4016 3
4017 1
4018 3
4019 3
4020 2
4021 1
4022 4
4023 3
4024 2
4025 1
4026 3
4027 1
4028 3
4029 2
4030 1
4031 3
4032 0
4033 3
4034 2
4035 0
4036 6
4037 3
4038 6
4039 2
4040 2
4041 2
4042 4
4043 1
4044 1
4045 2
4046 2
4047 3
4048 0
4049 3
4050 3
4051 1
4052 2
4053 1
4054 1
4055 1
4056 1
4057 5
4058 2
4059 2
4060 3
4061 2
4062 3
4063 3
4064 2
4065 2
4066 2
4067 0
4068 1
4069 2
4070 0
4071 2
4072 4
4073 1
4074 1
4075 0
4076 1
4077 0
4078 3
4079 0
4080 1
4081 2
4082 1
4083 3
4084 0
4085 3
4086 1
4087 3
4088 0
4089 1
4090 0
4091 2
4092 3
4093 1
4094 3
4095 1
4096 1
4097 1
4098 0
4099 2
4100 0
4101 1
4102 0
4103 0
4104 2
4105 2
4106 0
4107 0
4108 1
4109 3
4110 0
4111 1
4112 4
4113 2
4114 2
4115 0
4116 0
4117 2
4118 0
4119 2
4120 1
4121 0
4122 0
4123 3
4124 2
4125 2
4126 2
4127 2
4128 0
4129 1
4130 0
4131 1
4132 2
4133 2
4134 1
4135 2
4136 0
4137 0
4138 2
4139 1
4140 0
4141 1
4142 3
4143 1
4144 1
4145 3
4146 1
4147 0
4148 0
4149 1
4150 2
4151 2
4152 2
4153 0
4154 2
4155 2
4156 3
4157 3
4158 4
4159 5
4160 3
4161 1
4162 2
4163 3
4164 1
4165 1
4166 1
4167 2
4168 1
4169 0
4170 1
4171 2
4172 2
4173 3
4174 1
4175 0
4176 0
4177 2
4178 0
4179 4
4180 1
4181 1
4182 0
4183 2
4184 3
4185 2
4186 4
4187 2
4188 3
4189 5
4190 2
4191 3
4192 2
4193 2
4194 2
4195 2
4196 3
4197 1
4198 3
4199 3
4200 3
4201 1
4202 5
4203 3
4204 3
4205 0
4206 3
4207 3
4208 5
4209 4
4210 2
4211 3
4212 2
4213 1
4214 1
4215 4
4216 1
4217 2
4218 1
4219 2
4220 0
4221 2
4222 2
4223 2
4224 2
4225 3
4226 3
4227 3
4228 3
4229 4
4230 1
4231 2
4232 1
4233 0
4234 3
4235 2
4236 4
4237 3
4238 1
4239 3
4240 4
4241 1
4242 3
4243 1
4244 1
4245 3
4246 2
4247 2
4248 2
4249 1
4250 2
4251 1
4252 3
4253 1
4254 1
4255 1
4256 0
4257 0
4258 1
4259 1
4260 3
4261 0
4262 2
4263 2
4264 1
4265 1
4266 0
4267 0
4268 2
4269 4
4270 2
4271 1
4272 1
4273 0
4274 0
4275 3
4276 0
4277 1
4278 1
4279 2
4280 0
4281 2
4282 3
4283 3
4284 0
4285 1
4286 2
4287 3
4288 3
4289 3
4290 4
4291 0
4292 2
4293 1
4294 3
4295 1
4296 2
4297 1
4298 1
4299 0
4300 2
4301 1
4302 1
4303 5
4304 0
4305 2
4306 2
4307 1
4308 3
4309 3
4310 3
4311 3
4312 3
4313 0
4314 4
4315 3
4316 1
4317 1
4318 0
4319 1
4320 1
4321 1
4322 5
4323 0
4324 1
4325 1
4326 1
4327 0
4328 1
4329 2
4330 3
4331 3
4332 3
4333 2
4334 2
4335 1
4336 1
4337 1
4338 4
4339 1
4340 1
4341 1
4342 2
4343 0
4344 0
4345 0
4346 2
4347 2
4348 2
4349 0
4350 6
4351 0
4352 2
4353 2
4354 4
4355 2
4356 1
4357 1
4358 1
4359 0
4360 3
4361 2
4362 2
4363 1
4364 2
4365 2
4366 4
4367 1
4368 2
4369 1
4370 2
4371 1
4372 2
4373 1
4374 3
4375 0
4376 2
4377 1
4378 4
4379 2
4380 0
4381 3
4382 1
4383 2
4384 3
4385 2
4386 0
4387 1
4388 2
4389 1
4390 3
4391 2
4392 1
4393 1
4394 0
4395 0
4396 3
4397 0
4398 2
4399 3
4400 2
4401 4
4402 1
4403 3
4404 3
4405 2
4406 1
4407 2
4408 0
4409 2
4410 0
4411 5
4412 2
4413 1
4414 2
4415 2
4416 0
4417 1
4418 1
4419 2
4420 3
4421 2
4422 2
4423 1
4424 3
4425 2
4426 2
4427 2
4428 0
4429 2
4430 1
4431 3
4432 2
4433 2
4434 2
4435 3
4436 0
4437 2
4438 2
4439 1
4440 1
4441 2
4442 1
4443 2
4444 2
4445 2
4446 2
4447 0
4448 2
4449 1
4450 2
4451 2
4452 1
4453 1
4454 2
4455 2
4456 2
4457 1
4458 2
4459 1
4460 4
4461 1
4462 1
4463 2
4464 1
4465 1
4466 1
4467 1
4468 0
4469 1
4470 0
4471 2
4472 4
4473 2
4474 2
4475 2
4476 3
4477 2
4478 2
4479 1
4480 0
4481 2
4482 1
4483 2
4484 0
4485 1
4486 0
4487 3
4488 3
4489 3
4490 1
4491 3
4492 1
4493 5
4494 1
4495 2
4496 1
4497 0
4498 0
4499 1
4500 0
4501 0
4502 0
4503 4
4504 5
4505 2
4506 1
4507 3
4508 0
4509 5
4510 2
4511 1
4512 3
4513 2
4514 2
4515 1
4516 1
4517 2
4518 4
4519 1
4520 1
4521 2
4522 1
4523 0
4524 2
4525 0
4526 3
4527 3
4528 2
4529 1
4530 1
4531 0
4532 3
4533 1
4534 4
4535 2
4536 0
4537 2
4538 0
4539 2
4540 3
4541 2
4542 1
4543 1
4544 1
4545 2
4546 1
4547 0
4548 3
4549 0
4550 2
4551 3
4552 5
4553 1
4554 1
4555 0
4556 2
4557 1
4558 1
4559 4
4560 3
4561 0
4562 5
4563 2
4564 0
4565 0
4566 2
4567 1
4568 1
4569 3
4570 2
4571 1
4572 4
4573 0
4574 3
4575 1
4576 3
4577 0
4578 0
4579 0
4580 1
4581 2
4582 2
4583 0
4584 0
4585 2
4586 1
4587 4
4588 2
4589 2
4590 0
4591 1
4592 1
4593 1
4594 2
4595 0
4596 1
4597 0
4598 3
4599 0
4600 1
4601 2
4602 3
4603 0
4604 0
4605 1
4606 2
4607 2
4608 2
4609 0
4610 0
4611 0
4612 0
4613 3
4614 2
4615 0
4616 1
4617 2
4618 1
4619 0
4620 2
4621 0
4622 0
4623 1
4624 2
4625 0
4626 1
4627 1
4628 1
4629 0
4630 3
4631 1
4632 3
4633 1
4634 1
4635 1
4636 1
4637 2
4638 1
4639 0
4640 3
4641 2
4642 2
4643 0
4644 2
4645 2
4646 2
4647 1
4648 1
4649 2
4650 3
4651 2
4652 2
4653 0
4654 1
4655 3
4656 1
4657 2
4658 3
4659 2
4660 0
4661 2
4662 1
4663 2
4664 4
4665 1
4666 4
4667 3
4668 3
4669 2
4670 2
4671 3
4672 2
4673 1
4674 0
4675 1
4676 2
4677 0
4678 3
4679 0
4680 1
4681 1
4682 0
4683 2
4684 3
4685 3
4686 3
4687 5
4688 2
4689 3
4690 3
4691 3
4692 0
4693 1
4694 2
4695 0
4696 2
4697 1
4698 0
4699 4
4700 3
4701 3
4702 3
4703 1
4704 1
4705 2
4706 1
4707 1
4708 3
4709 3
4710 3
4711 3
4712 3
4713 3
4714 3
4715 4
4716 3
4717 1
4718 2
4719 3
4720 3
4721 1
4722 1
4723 1
4724 4
4725 3
4726 4
4727 4
4728 0
4729 2
4730 2
4731 5
4732 2
4733 2
4734 1
4735 3
4736 3
4737 1
4738 6
4739 3
4740 1
4741 4
4742 3
4743 2
4744 2
4745 1
4746 2
4747 3
4748 3
4749 4
4750 3
4751 1
4752 4
4753 1
4754 2
4755 4
4756 3
4757 3
4758 1
4759 0
4760 1
4761 0
4762 0
4763 2
4764 1
4765 4
4766 4
4767 1
4768 2
4769 2
4770 2
4771 3
4772 4
4773 4
4774 4
4775 2
4776 5
4777 1
4778 1
4779 1
4780 1
4781 3
4782 4
4783 2
4784 1
4785 4
4786 4
4787 2
4788 3
4789 2
4790 1
4791 6
4792 3
4793 3
4794 3
4795 4
4796 4
4797 2
4798 1
4799 1
4800 4
4801 4
4802 1
4803 1
4804 4
4805 3
4806 2
4807 4
4808 3
4809 3
4810 2
4811 2
4812 2
4813 2
4814 3
4815 2
4816 0
4817 1
4818 2
4819 0
4820 3
4821 3
4822 2
4823 3
4824 2
4825 5
4826 1
4827 3
4828 0
4829 5
4830 1
4831 0
4832 3
4833 1
4834 1
4835 2
4836 2
4837 1
4838 1
4839 1
4840 2
4841 6
4842 2
4843 2
4844 1
4845 2
4846 3
4847 5
4848 2
4849 2
4850 1
4851 4
4852 2
4853 2
4854 2
4855 4
4856 3
4857 2
4858 3
4859 3
4860 3
4861 3
4862 4
4863 1
4864 2
4865 1
4866 3
4867 2
4868 1
4869 2
4870 3
4871 3
4872 2
4873 4
4874 3
4875 2
4876 1
4877 4
4878 2
4879 2
4880 4
4881 2
4882 2
4883 3
4884 4
4885 3
4886 2
4887 2
4888 2
4889 2
4890 2
4891 3
4892 6
4893 2
4894 2
4895 2
4896 1
4897 1
4898 1
4899 3
4900 3
4901 0
4902 1
4903 0
4904 1
4905 1
4906 3
4907 1
4908 2
4909 3
4910 1
4911 2
4912 0
4913 1
4914 3
4915 4
4916 2
4917 2
4918 2
4919 2
4920 4
4921 1
4922 1
4923 3
4924 1
4925 2
4926 4
4927 2
4928 1
4929 4
4930 3
4931 1
4932 1
4933 3
4934 2
4935 0
4936 2
4937 4
4938 2
4939 3
4940 2
4941 3
4942 4
4943 2
4944 4
4945 2
4946 2
4947 3
4948 1
4949 0
4950 3
4951 2
4952 2
4953 3
4954 3
4955 2
4956 4
4957 1
4958 3
4959 5
4960 2
4961 2
4962 3
4963 4
4964 1
4965 1
4966 3
4967 1
4968 3
4969 1
4970 3
4971 1
4972 0
4973 3
4974 4
4975 2
4976 1
4977 2
4978 1
4979 3
4980 2
4981 5
4982 4
4983 1
4984 0
4985 4
4986 2
4987 2
4988 3
4989 2
4990 1
4991 4
4992 4
4993 4
4994 4
4995 0
4996 4
4997 2
4998 4
4999 3
